1	123 
2	130 
3	84 
4	133 
5	124 
6	66 
7	184 
8	45 
9	155 
10	55 
11	11 
12	2 
13	50 
14	108 
15	196 
16	101 
17	101 
18	177 
19	180 
20	21 
21	161 
22	77 
23	190 
24	123 
25	139 
26	57 
27	122 
28	182 
29	124 
30	160 
31	123 
32	172 
33	124 
34	59 
35	172 
36	34 
37	94 
38	188 
39	53 
40	163 
41	16 
42	86 
43	95 
44	146 
45	116 
46	147 
47	25 
48	199 
49	123 
50	57 
51	94 
52	62 
53	70 
54	5 
55	13 
56	181 
57	180 
58	12 
59	44 
60	83 
61	37 
62	24 
63	88 
64	24 
65	49 
66	175 
67	120 
68	31 
69	4 
70	138 
71	175 
72	195 
73	192 
74	133 
75	128 
76	10 
77	64 
78	145 
79	120 
80	171 
81	182 
82	181 
83	184 
84	156 
85	77 
86	160 
87	15 
88	111 
89	116 
90	151 
91	79 
92	47 
93	92 
94	48 
95	67 
96	133 
97	97 
98	123 
99	170 
100	176 
101	167 
102	59 
103	31 
104	52 
105	159 
106	73 
107	190 
108	6 
109	103 
110	145 
111	39 
112	155 
113	152 
114	53 
115	131 
116	2 
117	166 
118	105 
119	55 
120	162 
121	181 
122	48 
123	80 
124	25 
125	67 
126	58 
127	177 
128	13 
129	87 
130	194 
131	54 
132	166 
133	46 
134	120 
135	26 
136	167 
137	101 
138	83 
139	174 
140	74 
141	116 
142	73 
143	28 
144	136 
145	1 
146	196 
147	113 
148	190 
149	68 
150	40 
151	193 
152	184 
153	107 
154	4 
155	81 
156	130 
157	151 
158	124 
159	71 
160	197 
161	159 
162	81 
163	148 
164	126 
165	100 
166	184 
167	162 
168	163 
169	181 
170	192 
171	149 
172	152 
173	23 
174	43 
175	103 
176	111 
177	195 
178	32 
179	32 
180	106 
181	19 
182	28 
183	154 
184	94 
185	153 
186	170 
187	144 
188	161 
189	58 
190	107 
191	44 
192	1 
193	108 
194	185 
195	188 
196	2 
197	180 
198	28 
199	150 
200	53 
201	170 
202	94 
203	2 
204	128 
205	133 
206	12 
207	114 
208	183 
209	63 
210	28 
211	55 
212	158 
213	122 
214	5 
215	29 
216	61 
217	2 
218	160 
219	92 
220	154 
221	79 
222	3 
223	188 
224	137 
225	163 
226	83 
227	114 
228	88 
229	191 
230	91 
231	116 
232	111 
233	45 
234	116 
235	123 
236	34 
237	42 
238	165 
239	139 
240	99 
241	145 
242	72 
243	189 
244	182 
245	23 
246	68 
247	186 
248	75 
249	188 
250	79 
251	84 
252	58 
253	25 
254	79 
255	192 
256	77 
257	124 
258	41 
259	19 
260	48 
261	126 
262	79 
263	128 
264	31 
265	97 
266	173 
267	197 
268	104 
269	114 
270	166 
271	9 
272	94 
273	199 
274	36 
275	61 
276	156 
277	182 
278	142 
279	143 
280	125 
281	103 
282	13 
283	85 
284	126 
285	171 
286	189 
287	182 
288	117 
289	198 
290	7 
291	159 
292	51 
293	64 
294	43 
295	7 
296	78 
297	94 
298	200 
299	160 
300	59 
301	15 
302	14 
303	36 
304	158 
305	132 
306	113 
307	83 
308	130 
309	171 
310	115 
311	35 
312	55 
313	153 
314	188 
315	198 
316	181 
317	64 
318	177 
319	80 
320	52 
321	101 
322	159 
323	149 
324	190 
325	104 
326	181 
327	98 
328	152 
329	58 
330	64 
331	171 
332	13 
333	84 
334	114 
335	183 
336	127 
337	179 
338	1 
339	78 
340	82 
341	182 
342	109 
343	180 
344	173 
345	2 
346	116 
347	68 
348	154 
349	13 
350	59 
351	184 
352	188 
353	45 
354	148 
355	109 
356	4 
357	68 
358	7 
359	187 
360	174 
361	141 
362	184 
363	78 
364	48 
365	50 
366	127 
367	166 
368	79 
369	151 
370	192 
371	45 
372	188 
373	43 
374	155 
375	58 
376	188 
377	164 
378	145 
379	29 
380	19 
381	152 
382	168 
383	199 
384	174 
385	195 
386	149 
387	73 
388	34 
389	40 
390	150 
391	194 
392	171 
393	87 
394	160 
395	160 
396	74 
397	27 
398	190 
399	163 
400	115 
401	159 
402	45 
403	162 
404	97 
405	183 
406	177 
407	114 
408	4 
409	15 
410	1 
411	170 
412	142 
413	63 
414	134 
415	175 
416	94 
417	185 
418	91 
419	52 
420	64 
421	153 
422	121 
423	168 
424	52 
425	5 
426	38 
427	123 
428	31 
429	171 
430	84 
431	94 
432	134 
433	132 
434	134 
435	31 
436	167 
437	25 
438	34 
439	116 
440	191 
441	150 
442	188 
443	9 
444	177 
445	44 
446	181 
447	97 
448	198 
449	81 
450	169 
451	151 
452	124 
453	180 
454	78 
455	81 
456	62 
457	110 
458	177 
459	94 
460	160 
461	60 
462	166 
463	68 
464	179 
465	58 
466	74 
467	199 
468	37 
469	180 
470	100 
471	143 
472	53 
473	13 
474	177 
475	91 
476	143 
477	177 
478	180 
479	200 
480	9 
481	103 
482	135 
483	183 
484	36 
485	162 
486	55 
487	11 
488	44 
489	149 
490	120 
491	183 
492	28 
493	48 
494	63 
495	51 
496	129 
497	132 
498	14 
499	170 
500	148 
501	11 
502	111 
503	9 
504	7 
505	185 
506	89 
507	190 
508	166 
509	180 
510	25 
511	27 
512	150 
513	114 
514	183 
515	87 
516	144 
517	134 
518	8 
519	110 
520	125 
521	154 
522	137 
523	155 
524	126 
525	146 
526	3 
527	160 
528	45 
529	92 
530	11 
531	186 
532	190 
533	43 
534	51 
535	176 
536	33 
537	121 
538	150 
539	195 
540	130 
541	144 
542	63 
543	186 
544	153 
545	184 
546	176 
547	176 
548	182 
549	77 
550	48 
551	8 
552	8 
553	151 
554	128 
555	156 
556	7 
557	201 
558	114 
559	166 
560	89 
561	104 
562	66 
563	185 
564	195 
565	38 
566	45 
567	171 
568	139 
569	44 
570	95 
571	199 
572	149 
573	61 
574	100 
575	173 
576	63 
577	53 
578	34 
579	121 
580	182 
581	184 
582	114 
583	76 
584	149 
585	3 
586	183 
587	50 
588	127 
589	183 
590	26 
591	79 
592	29 
593	124 
594	21 
595	170 
596	61 
597	157 
598	110 
599	89 
600	43 
601	151 
602	170 
603	21 
604	8 
605	1 
606	34 
607	27 
608	111 
609	58 
610	78 
611	40 
612	148 
613	8 
614	127 
615	186 
616	10 
617	24 
618	161 
619	5 
620	102 
621	26 
622	183 
623	165 
624	116 
625	87 
626	59 
627	76 
628	117 
629	44 
630	83 
631	31 
632	41 
633	13 
634	31 
635	154 
636	76 
637	138 
638	135 
639	52 
640	159 
641	174 
642	105 
643	59 
644	141 
645	53 
646	41 
647	179 
648	148 
649	48 
650	170 
651	98 
652	142 
653	12 
654	94 
655	17 
656	97 
657	189 
658	62 
659	48 
660	104 
661	31 
662	152 
663	19 
664	59 
665	101 
666	21 
667	194 
668	54 
669	176 
670	114 
671	173 
672	89 
673	127 
674	29 
675	90 
676	149 
677	48 
678	145 
679	78 
680	85 
681	91 
682	56 
683	160 
684	163 
685	123 
686	72 
687	61 
688	109 
689	163 
690	3 
691	129 
692	32 
693	133 
694	38 
695	179 
696	97 
697	76 
698	32 
699	53 
700	198 
701	138 
702	81 
703	123 
704	70 
705	60 
706	50 
707	80 
708	67 
709	28 
710	51 
711	177 
712	166 
713	83 
714	71 
715	2 
716	67 
717	176 
718	167 
719	109 
720	4 
721	152 
722	23 
723	125 
724	102 
725	37 
726	195 
727	125 
728	77 
729	114 
730	194 
731	99 
732	140 
733	157 
734	194 
735	139 
736	188 
737	14 
738	173 
739	134 
740	152 
741	100 
742	124 
743	91 
744	127 
745	7 
746	165 
747	195 
748	21 
749	97 
750	31 
751	49 
752	47 
753	183 
754	61 
755	48 
756	83 
757	114 
758	68 
759	199 
760	33 
761	8 
762	191 
763	108 
764	138 
765	31 
766	44 
767	165 
768	165 
769	48 
770	163 
771	141 
772	180 
773	39 
774	66 
775	172 
776	135 
777	6 
778	199 
779	166 
780	61 
781	176 
782	91 
783	166 
784	38 
785	179 
786	144 
787	59 
788	160 
789	148 
790	111 
791	96 
792	101 
793	74 
794	139 
795	197 
796	67 
797	199 
798	63 
799	18 
800	148 
801	183 
802	45 
803	161 
804	155 
805	87 
806	176 
807	94 
808	8 
809	110 
810	19 
811	67 
812	152 
813	9 
814	55 
815	180 
816	52 
817	166 
818	82 
819	143 
820	80 
821	137 
822	83 
823	143 
824	4 
825	184 
826	52 
827	8 
828	2 
829	124 
830	186 
831	20 
832	120 
833	31 
834	110 
835	67 
836	148 
837	33 
838	165 
839	29 
840	140 
841	122 
842	76 
843	109 
844	61 
845	81 
846	11 
847	177 
848	82 
849	140 
850	11 
851	114 
852	54 
853	101 
854	148 
855	172 
856	182 
857	79 
858	151 
859	199 
860	98 
861	184 
862	1 
863	47 
864	174 
865	141 
866	43 
867	45 
868	102 
869	157 
870	8 
871	21 
872	77 
873	170 
874	90 
875	168 
876	183 
877	89 
878	167 
879	131 
880	169 
881	181 
882	57 
883	77 
884	107 
885	94 
886	191 
887	81 
888	29 
889	164 
890	155 
891	117 
892	163 
893	27 
894	80 
895	195 
896	44 
897	29 
898	57 
899	124 
900	90 
901	123 
902	182 
903	73 
904	67 
905	85 
906	24 
907	154 
908	28 
909	78 
910	57 
911	97 
912	201 
913	167 
914	83 
915	118 
916	93 
917	28 
918	35 
919	84 
920	180 
921	133 
922	201 
923	174 
924	92 
925	74 
926	80 
927	19 
928	91 
929	102 
930	188 
931	183 
932	124 
933	177 
934	125 
935	137 
936	200 
937	140 
938	170 
939	120 
940	125 
941	151 
942	18 
943	30 
944	168 
945	61 
946	149 
947	131 
948	45 
949	159 
950	166 
951	174 
952	147 
953	192 
954	106 
955	28 
956	188 
957	52 
958	45 
959	122 
960	83 
961	20 
962	75 
963	68 
964	118 
965	171 
966	50 
967	179 
968	152 
969	170 
970	153 
971	59 
972	166 
973	199 
974	69 
975	4 
976	22 
977	53 
978	70 
979	181 
980	195 
981	52 
982	125 
983	167 
984	4 
985	44 
986	186 
987	53 
988	182 
989	115 
990	108 
991	63 
992	105 
993	40 
994	154 
995	26 
996	4 
997	109 
998	4 
999	173 
1000	184 
1001	31 
1002	150 
1003	183 
1004	182 
1005	185 
1006	136 
1007	15 
1008	76 
1009	147 
1010	199 
1011	105 
1012	53 
1013	122 
1014	149 
1015	171 
1016	189 
1017	183 
1018	104 
1019	142 
1020	20 
1021	29 
1022	9 
1023	20 
1024	169 
1025	184 
1026	88 
1027	94 
1028	199 
1029	102 
1030	184 
1031	33 
1032	80 
1033	180 
1034	110 
1035	177 
1036	78 
1037	84 
1038	38 
1039	89 
1040	58 
1041	101 
1042	198 
1043	87 
1044	89 
1045	137 
1046	137 
1047	180 
1048	184 
1049	27 
1050	184 
1051	26 
1052	152 
1053	171 
1054	195 
1055	33 
1056	80 
1057	26 
1058	167 
1059	104 
1060	143 
1061	22 
1062	127 
1063	104 
1064	127 
1065	76 
1066	100 
1067	186 
1068	182 
1069	170 
1070	51 
1071	64 
1072	121 
1073	57 
1074	162 
1075	64 
1076	97 
1077	45 
1078	66 
1079	25 
1080	62 
1081	99 
1082	76 
1083	79 
1084	73 
1085	35 
1086	43 
1087	162 
1088	27 
1089	114 
1090	102 
1091	182 
1092	156 
1093	106 
1094	32 
1095	38 
1096	108 
1097	159 
1098	197 
1099	199 
1100	92 
1101	155 
1102	81 
1103	73 
1104	85 
1105	35 
1106	121 
1107	199 
1108	2 
1109	86 
1110	50 
1111	134 
1112	155 
1113	80 
1114	45 
1115	104 
1116	114 
1117	152 
1118	64 
1119	190 
1120	151 
1121	104 
1122	55 
1123	59 
1124	75 
1125	194 
1126	58 
1127	190 
1128	58 
1129	27 
1130	121 
1131	150 
1132	80 
1133	125 
1134	53 
1135	11 
1136	34 
1137	122 
1138	119 
1139	58 
1140	97 
1141	131 
1142	162 
1143	52 
1144	174 
1145	152 
1146	59 
1147	8 
1148	178 
1149	99 
1150	148 
1151	172 
1152	61 
1153	152 
1154	77 
1155	163 
1156	49 
1157	21 
1158	60 
1159	124 
1160	169 
1161	21 
1162	92 
1163	172 
1164	186 
1165	117 
1166	25 
1167	122 
1168	133 
1169	21 
1170	73 
1171	125 
1172	74 
1173	169 
1174	48 
1175	38 
1176	101 
1177	71 
1178	155 
1179	78 
1180	32 
1181	29 
1182	165 
1183	189 
1184	170 
1185	72 
1186	165 
1187	29 
1188	145 
1189	87 
1190	191 
1191	187 
1192	128 
1193	29 
1194	16 
1195	156 
1196	68 
1197	77 
1198	141 
1199	132 
1200	51 
1201	173 
1202	191 
1203	43 
1204	116 
1205	163 
1206	121 
1207	79 
1208	26 
1209	184 
1210	166 
1211	7 
1212	178 
1213	195 
1214	51 
1215	196 
1216	42 
1217	168 
1218	17 
1219	11 
1220	113 
1221	123 
1222	4 
1223	137 
1224	89 
1225	181 
1226	129 
1227	97 
1228	195 
1229	123 
1230	127 
1231	10 
1232	3 
1233	137 
1234	138 
1235	37 
1236	25 
1237	194 
1238	166 
1239	188 
1240	116 
1241	123 
1242	1 
1243	135 
1244	97 
1245	173 
1246	48 
1247	28 
1248	91 
1249	19 
1250	7 
1251	113 
1252	51 
1253	25 
1254	175 
1255	180 
1256	52 
1257	44 
1258	116 
1259	95 
1260	133 
1261	159 
1262	160 
1263	33 
1264	159 
1265	46 
1266	114 
1267	182 
1268	199 
1269	35 
1270	73 
1271	187 
1272	130 
1273	25 
1274	55 
1275	15 
1276	78 
1277	114 
1278	113 
1279	124 
1280	151 
1281	56 
1282	134 
1283	63 
1284	169 
1285	192 
1286	113 
1287	38 
1288	201 
1289	11 
1290	174 
1291	130 
1292	89 
1293	170 
1294	185 
1295	13 
1296	29 
1297	127 
1298	182 
1299	122 
1300	105 
1301	188 
1302	124 
1303	194 
1304	84 
1305	146 
1306	183 
1307	25 
1308	158 
1309	135 
1310	97 
1311	182 
1312	179 
1313	145 
1314	87 
1315	135 
1316	99 
1317	128 
1318	122 
1319	183 
1320	198 
1321	41 
1322	166 
1323	76 
1324	89 
1325	32 
1326	150 
1327	181 
1328	29 
1329	27 
1330	14 
1331	125 
1332	97 
1333	159 
1334	107 
1335	11 
1336	96 
1337	125 
1338	124 
1339	124 
1340	80 
1341	39 
1342	89 
1343	33 
1344	80 
1345	172 
1346	172 
1347	80 
1348	37 
1349	166 
1350	52 
1351	57 
1352	104 
1353	73 
1354	55 
1355	135 
1356	130 
1357	99 
1358	59 
1359	183 
1360	35 
1361	170 
1362	192 
1363	154 
1364	55 
1365	73 
1366	150 
1367	32 
1368	26 
1369	78 
1370	173 
1371	97 
1372	90 
1373	101 
1374	194 
1375	80 
1376	180 
1377	104 
1378	183 
1379	62 
1380	64 
1381	13 
1382	153 
1383	181 
1384	77 
1385	183 
1386	5 
1387	65 
1388	186 
1389	182 
1390	28 
1391	133 
1392	61 
1393	193 
1394	174 
1395	171 
1396	133 
1397	41 
1398	15 
1399	95 
1400	192 
1401	151 
1402	26 
1403	139 
1404	69 
1405	6 
1406	67 
1407	115 
1408	158 
1409	171 
1410	52 
1411	99 
1412	137 
1413	92 
1414	108 
1415	57 
1416	88 
1417	59 
1418	8 
1419	177 
1420	155 
1421	117 
1422	16 
1423	43 
1424	176 
1425	160 
1426	189 
1427	12 
1428	165 
1429	176 
1430	187 
1431	172 
1432	124 
1433	201 
1434	84 
1435	88 
1436	114 
1437	172 
1438	21 
1439	125 
1440	161 
1441	155 
1442	70 
1443	52 
1444	183 
1445	87 
1446	48 
1447	45 
1448	142 
1449	33 
1450	134 
1451	105 
1452	52 
1453	19 
1454	151 
1455	96 
1456	171 
1457	145 
1458	11 
1459	50 
1460	143 
1461	192 
1462	125 
1463	86 
1464	123 
1465	153 
1466	122 
1467	188 
1468	126 
1469	174 
1470	147 
1471	162 
1472	99 
1473	189 
1474	17 
1475	43 
1476	91 
1477	35 
1478	13 
1479	53 
1480	17 
1481	137 
1482	117 
1483	168 
1484	146 
1485	26 
1486	2 
1487	89 
1488	114 
1489	83 
1490	139 
1491	149 
1492	83 
1493	198 
1494	54 
1495	160 
1496	125 
1497	193 
1498	11 
1499	195 
1500	134 
1501	114 
1502	118 
1503	49 
1504	31 
1505	69 
1506	99 
1507	157 
1508	173 
1509	171 
1510	114 
1511	136 
1512	190 
1513	200 
1514	81 
1515	57 
1516	173 
1517	22 
1518	155 
1519	174 
1520	25 
1521	58 
1522	159 
1523	190 
1524	154 
1525	182 
1526	50 
1527	186 
1528	69 
1529	159 
1530	94 
1531	132 
1532	84 
1533	171 
1534	148 
1535	137 
1536	55 
1537	192 
1538	121 
1539	87 
1540	27 
1541	44 
1542	88 
1543	114 
1544	42 
1545	169 
1546	185 
1547	155 
1548	155 
1549	200 
1550	78 
1551	45 
1552	58 
1553	47 
1554	11 
1555	200 
1556	106 
1557	142 
1558	155 
1559	32 
1560	105 
1561	60 
1562	146 
1563	26 
1564	6 
1565	134 
1566	55 
1567	38 
1568	195 
1569	78 
1570	146 
1571	91 
1572	149 
1573	68 
1574	159 
1575	13 
1576	50 
1577	83 
1578	60 
1579	82 
1580	108 
1581	101 
1582	35 
1583	13 
1584	14 
1585	40 
1586	77 
1587	75 
1588	188 
1589	151 
1590	109 
1591	124 
1592	86 
1593	69 
1594	144 
1595	162 
1596	2 
1597	62 
1598	154 
1599	10 
1600	15 
1601	45 
1602	125 
1603	184 
1604	125 
1605	164 
1606	7 
1607	13 
1608	94 
1609	138 
1610	81 
1611	2 
1612	62 
1613	158 
1614	122 
1615	10 
1616	56 
1617	93 
1618	116 
1619	91 
1620	116 
1621	102 
1622	171 
1623	73 
1624	2 
1625	83 
1626	148 
1627	182 
1628	175 
1629	123 
1630	7 
1631	188 
1632	183 
1633	200 
1634	149 
1635	78 
1636	102 
1637	2 
1638	30 
1639	40 
1640	23 
1641	127 
1642	74 
1643	29 
1644	173 
1645	14 
1646	88 
1647	67 
1648	11 
1649	53 
1650	11 
1651	149 
1652	190 
1653	24 
1654	52 
1655	119 
1656	57 
1657	21 
1658	9 
1659	45 
1660	163 
1661	116 
1662	15 
1663	192 
1664	186 
1665	49 
1666	150 
1667	159 
1668	142 
1669	91 
1670	125 
1671	1 
1672	123 
1673	165 
1674	106 
1675	171 
1676	133 
1677	42 
1678	12 
1679	185 
1680	33 
1681	16 
1682	71 
1683	120 
1684	121 
1685	88 
1686	171 
1687	159 
1688	44 
1689	152 
1690	155 
1691	11 
1692	30 
1693	4 
1694	113 
1695	198 
1696	118 
1697	108 
1698	176 
1699	13 
1700	24 
1701	106 
1702	33 
1703	195 
1704	139 
1705	4 
1706	145 
1707	185 
1708	171 
1709	90 
1710	107 
1711	75 
1712	149 
1713	138 
1714	29 
1715	104 
1716	194 
1717	10 
1718	179 
1719	200 
1720	155 
1721	44 
1722	78 
1723	159 
1724	46 
1725	64 
1726	25 
1727	195 
1728	181 
1729	174 
1730	88 
1731	190 
1732	184 
1733	124 
1734	96 
1735	151 
1736	152 
1737	165 
1738	50 
1739	190 
1740	190 
1741	21 
1742	4 
1743	166 
1744	138 
1745	7 
1746	151 
1747	68 
1748	163 
1749	63 
1750	148 
1751	60 
1752	63 
1753	147 
1754	186 
1755	188 
1756	109 
1757	152 
1758	184 
1759	200 
1760	37 
1761	124 
1762	166 
1763	54 
1764	176 
1765	29 
1766	153 
1767	130 
1768	124 
1769	131 
1770	63 
1771	32 
1772	108 
1773	41 
1774	172 
1775	73 
1776	75 
1777	142 
1778	128 
1779	199 
1780	192 
1781	61 
1782	166 
1783	108 
1784	8 
1785	98 
1786	59 
1787	111 
1788	58 
1789	155 
1790	141 
1791	192 
1792	110 
1793	133 
1794	26 
1795	55 
1796	121 
1797	160 
1798	22 
1799	32 
1800	52 
1801	54 
1802	84 
1803	199 
1804	184 
1805	50 
1806	97 
1807	81 
1808	90 
1809	177 
1810	151 
1811	104 
1812	32 
1813	11 
1814	168 
1815	51 
1816	150 
1817	128 
1818	89 
1819	7 
1820	176 
1821	78 
1822	117 
1823	154 
1824	55 
1825	129 
1826	155 
1827	173 
1828	181 
1829	187 
1830	127 
1831	198 
1832	45 
1833	11 
1834	200 
1835	101 
1836	199 
1837	51 
1838	50 
1839	134 
1840	20 
1841	75 
1842	127 
1843	47 
1844	117 
1845	176 
1846	125 
1847	47 
1848	201 
1849	167 
1850	17 
1851	84 
1852	149 
1853	71 
1854	32 
1855	52 
1856	1 
1857	41 
1858	194 
1859	54 
1860	195 
1861	124 
1862	163 
1863	44 
1864	116 
1865	5 
1866	185 
1867	192 
1868	81 
1869	53 
1870	108 
1871	79 
1872	151 
1873	21 
1874	150 
1875	36 
1876	51 
1877	53 
1878	130 
1879	89 
1880	41 
1881	19 
1882	155 
1883	24 
1884	52 
1885	45 
1886	73 
1887	48 
1888	190 
1889	118 
1890	75 
1891	53 
1892	154 
1893	159 
1894	15 
1895	7 
1896	194 
1897	177 
1898	188 
1899	84 
1900	103 
1901	69 
1902	180 
1903	109 
1904	4 
1905	53 
1906	8 
1907	180 
1908	59 
1909	183 
1910	56 
1911	161 
1912	143 
1913	65 
1914	195 
1915	131 
1916	53 
1917	131 
1918	4 
1919	37 
1920	137 
1921	55 
1922	159 
1923	152 
1924	194 
1925	35 
1926	194 
1927	88 
1928	56 
1929	154 
1930	150 
1931	65 
1932	59 
1933	192 
1934	158 
1935	78 
1936	28 
1937	101 
1938	26 
1939	156 
1940	127 
1941	172 
1942	90 
1943	90 
1944	94 
1945	122 
1946	180 
1947	103 
1948	127 
1949	44 
1950	151 
1951	184 
1952	18 
1953	194 
1954	151 
1955	195 
1956	162 
1957	114 
1958	18 
1959	107 
1960	154 
1961	90 
1962	44 
1963	152 
1964	145 
1965	149 
1966	78 
1967	40 
1968	117 
1969	1 
1970	184 
1971	199 
1972	79 
1973	185 
1974	183 
1975	187 
1976	83 
1977	177 
1978	121 
1979	27 
1980	160 
1981	133 
1982	159 
1983	151 
1984	101 
1985	48 
1986	171 
1987	83 
1988	3 
1989	134 
1990	42 
1991	137 
1992	129 
1993	85 
1994	143 
1995	96 
1996	164 
1997	174 
1998	55 
1999	57 
2000	73 
2001	98 
2002	116 
2003	183 
2004	55 
2005	153 
2006	76 
2007	168 
2008	198 
2009	51 
2010	170 
2011	140 
2012	125 
2013	64 
2014	82 
2015	89 
2016	195 
2017	162 
2018	154 
2019	116 
2020	59 
2021	188 
2022	59 
2023	78 
2024	181 
2025	149 
2026	65 
2027	100 
2028	146 
2029	45 
2030	150 
2031	190 
2032	123 
2033	5 
2034	192 
2035	55 
2036	12 
2037	145 
2038	191 
2039	99 
2040	83 
2041	182 
2042	43 
2043	17 
2044	13 
2045	188 
2046	35 
2047	24 
2048	44 
2049	99 
2050	168 
2051	169 
2052	167 
2053	152 
2054	7 
2055	126 
2056	121 
2057	93 
2058	143 
2059	102 
2060	152 
2061	54 
2062	30 
2063	166 
2064	179 
2065	139 
2066	141 
2067	101 
2068	22 
2069	131 
2070	38 
2071	125 
2072	68 
2073	46 
2074	150 
2075	59 
2076	124 
2077	174 
2078	48 
2079	44 
2080	105 
2081	123 
2082	4 
2083	22 
2084	66 
2085	28 
2086	26 
2087	188 
2088	21 
2089	64 
2090	177 
2091	193 
2092	87 
2093	136 
2094	50 
2095	111 
2096	55 
2097	2 
2098	169 
2099	2 
2100	125 
2101	10 
2102	64 
2103	123 
2104	95 
2105	169 
2106	75 
2107	53 
2108	92 
2109	95 
2110	106 
2111	145 
2112	79 
2113	81 
2114	169 
2115	38 
2116	2 
2117	58 
2118	1 
2119	170 
2120	101 
2121	6 
2122	72 
2123	63 
2124	107 
2125	171 
2126	125 
2127	170 
2128	170 
2129	188 
2130	157 
2131	31 
2132	59 
2133	16 
2134	61 
2135	90 
2136	74 
2137	102 
2138	160 
2139	75 
2140	88 
2141	195 
2142	180 
2143	54 
2144	26 
2145	186 
2146	183 
2147	27 
2148	151 
2149	125 
2150	7 
2151	141 
2152	44 
2153	80 
2154	22 
2155	132 
2156	15 
2157	3 
2158	94 
2159	3 
2160	11 
2161	61 
2162	78 
2163	38 
2164	70 
2165	27 
2166	85 
2167	187 
2168	78 
2169	170 
2170	52 
2171	150 
2172	118 
2173	148 
2174	35 
2175	195 
2176	137 
2177	181 
2178	1 
2179	160 
2180	172 
2181	77 
2182	148 
2183	13 
2184	35 
2185	180 
2186	83 
2187	67 
2188	40 
2189	138 
2190	81 
2191	11 
2192	21 
2193	163 
2194	98 
2195	166 
2196	193 
2197	64 
2198	142 
2199	7 
2200	155 
2201	27 
2202	48 
2203	125 
2204	15 
2205	25 
2206	27 
2207	184 
2208	145 
2209	198 
2210	94 
2211	133 
2212	17 
2213	61 
2214	186 
2215	167 
2216	78 
2217	189 
2218	89 
2219	4 
2220	171 
2221	191 
2222	119 
2223	143 
2224	53 
2225	59 
2226	56 
2227	68 
2228	8 
2229	54 
2230	148 
2231	190 
2232	74 
2233	193 
2234	50 
2235	191 
2236	84 
2237	12 
2238	170 
2239	29 
2240	173 
2241	196 
2242	124 
2243	17 
2244	39 
2245	183 
2246	109 
2247	88 
2248	188 
2249	94 
2250	45 
2251	132 
2252	60 
2253	90 
2254	156 
2255	114 
2256	72 
2257	37 
2258	96 
2259	64 
2260	93 
2261	141 
2262	179 
2263	166 
2264	97 
2265	42 
2266	99 
2267	98 
2268	170 
2269	107 
2270	53 
2271	195 
2272	69 
2273	13 
2274	38 
2275	79 
2276	14 
2277	15 
2278	105 
2279	1 
2280	143 
2281	39 
2282	11 
2283	115 
2284	171 
2285	2 
2286	154 
2287	30 
2288	64 
2289	180 
2290	70 
2291	78 
2292	169 
2293	175 
2294	38 
2295	192 
2296	84 
2297	58 
2298	50 
2299	197 
2300	89 
2301	18 
2302	79 
2303	87 
2304	137 
2305	31 
2306	155 
2307	183 
2308	147 
2309	157 
2310	127 
2311	50 
2312	173 
2313	137 
2314	5 
2315	119 
2316	101 
2317	2 
2318	177 
2319	136 
2320	144 
2321	88 
2322	128 
2323	20 
2324	177 
2325	93 
2326	185 
2327	112 
2328	123 
2329	15 
2330	105 
2331	55 
2332	91 
2333	2 
2334	34 
2335	85 
2336	149 
2337	104 
2338	140 
2339	179 
2340	39 
2341	176 
2342	2 
2343	28 
2344	53 
2345	25 
2346	137 
2347	177 
2348	150 
2349	193 
2350	39 
2351	194 
2352	28 
2353	116 
2354	106 
2355	135 
2356	201 
2357	148 
2358	69 
2359	82 
2360	94 
2361	154 
2362	64 
2363	78 
2364	97 
2365	191 
2366	84 
2367	131 
2368	103 
2369	126 
2370	151 
2371	94 
2372	166 
2373	127 
2374	194 
2375	104 
2376	166 
2377	104 
2378	28 
2379	96 
2380	72 
2381	110 
2382	43 
2383	99 
2384	30 
2385	9 
2386	191 
2387	83 
2388	8 
2389	163 
2390	30 
2391	98 
2392	131 
2393	32 
2394	94 
2395	109 
2396	100 
2397	68 
2398	73 
2399	90 
2400	135 
2401	110 
2402	89 
2403	16 
2404	185 
2405	94 
2406	145 
2407	21 
2408	147 
2409	44 
2410	58 
2411	160 
2412	31 
2413	101 
2414	91 
2415	189 
2416	89 
2417	9 
2418	178 
2419	133 
2420	32 
2421	53 
2422	92 
2423	123 
2424	78 
2425	41 
2426	124 
2427	137 
2428	52 
2429	159 
2430	164 
2431	83 
2432	59 
2433	148 
2434	168 
2435	182 
2436	82 
2437	122 
2438	4 
2439	173 
2440	87 
2441	25 
2442	171 
2443	64 
2444	178 
2445	110 
2446	50 
2447	6 
2448	132 
2449	179 
2450	13 
2451	9 
2452	58 
2453	181 
2454	185 
2455	33 
2456	29 
2457	27 
2458	136 
2459	133 
2460	38 
2461	93 
2462	194 
2463	134 
2464	8 
2465	121 
2466	111 
2467	174 
2468	151 
2469	109 
2470	134 
2471	83 
2472	170 
2473	161 
2474	181 
2475	194 
2476	174 
2477	137 
2478	27 
2479	153 
2480	101 
2481	189 
2482	92 
2483	61 
2484	171 
2485	6 
2486	173 
2487	17 
2488	157 
2489	151 
2490	121 
2491	159 
2492	59 
2493	132 
2494	159 
2495	131 
2496	143 
2497	133 
2498	104 
2499	48 
2500	64 
2501	189 
2502	177 
2503	198 
2504	108 
2505	117 
2506	144 
2507	168 
2508	43 
2509	192 
2510	77 
2511	79 
2512	134 
2513	180 
2514	25 
2515	35 
2516	160 
2517	183 
2518	127 
2519	134 
2520	128 
2521	104 
2522	102 
2523	136 
2524	63 
2525	2 
2526	154 
2527	55 
2528	10 
2529	125 
2530	77 
2531	165 
2532	190 
2533	114 
2534	11 
2535	55 
2536	95 
2537	128 
2538	182 
2539	76 
2540	166 
2541	133 
2542	91 
2543	27 
2544	9 
2545	26 
2546	2 
2547	88 
2548	3 
2549	42 
2550	34 
2551	123 
2552	1 
2553	177 
2554	38 
2555	149 
2556	30 
2557	169 
2558	15 
2559	136 
2560	11 
2561	141 
2562	12 
2563	108 
2564	152 
2565	191 
2566	189 
2567	148 
2568	164 
2569	40 
2570	201 
2571	106 
2572	200 
2573	168 
2574	8 
2575	127 
2576	154 
2577	119 
2578	41 
2579	128 
2580	89 
2581	99 
2582	31 
2583	55 
2584	195 
2585	171 
2586	11 
2587	169 
2588	114 
2589	155 
2590	159 
2591	197 
2592	65 
2593	121 
2594	143 
2595	37 
2596	65 
2597	111 
2598	138 
2599	178 
2600	52 
2601	170 
2602	104 
2603	2 
2604	80 
2605	55 
2606	50 
2607	200 
2608	171 
2609	132 
2610	20 
2611	13 
2612	12 
2613	143 
2614	107 
2615	58 
2616	176 
2617	4 
2618	135 
2619	115 
2620	147 
2621	129 
2622	94 
2623	94 
2624	94 
2625	71 
2626	182 
2627	19 
2628	154 
2629	137 
2630	182 
2631	112 
2632	51 
2633	191 
2634	117 
2635	183 
2636	154 
2637	154 
2638	174 
2639	184 
2640	27 
2641	94 
2642	83 
2643	8 
2644	182 
2645	167 
2646	69 
2647	194 
2648	64 
2649	188 
2650	26 
2651	171 
2652	194 
2653	44 
2654	3 
2655	65 
2656	149 
2657	128 
2658	179 
2659	35 
2660	163 
2661	88 
2662	181 
2663	60 
2664	190 
2665	63 
2666	29 
2667	188 
2668	121 
2669	53 
2670	74 
2671	46 
2672	79 
2673	27 
2674	121 
2675	11 
2676	31 
2677	91 
2678	155 
2679	97 
2680	44 
2681	134 
2682	22 
2683	86 
2684	91 
2685	171 
2686	67 
2687	86 
2688	190 
2689	177 
2690	31 
2691	199 
2692	170 
2693	180 
2694	193 
2695	195 
2696	142 
2697	148 
2698	134 
2699	72 
2700	146 
2701	183 
2702	124 
2703	159 
2704	178 
2705	50 
2706	124 
2707	151 
2708	151 
2709	55 
2710	169 
2711	122 
2712	109 
2713	102 
2714	190 
2715	42 
2716	42 
2717	97 
2718	146 
2719	120 
2720	53 
2721	32 
2722	94 
2723	39 
2724	48 
2725	102 
2726	6 
2727	161 
2728	51 
2729	85 
2730	95 
2731	125 
2732	23 
2733	121 
2734	149 
2735	168 
2736	26 
2737	152 
2738	45 
2739	150 
2740	52 
2741	53 
2742	186 
2743	155 
2744	144 
2745	16 
2746	121 
2747	69 
2748	7 
2749	185 
2750	149 
2751	193 
2752	172 
2753	30 
2754	8 
2755	143 
2756	27 
2757	165 
2758	154 
2759	131 
2760	55 
2761	148 
2762	36 
2763	45 
2764	178 
2765	195 
2766	155 
2767	155 
2768	163 
2769	159 
2770	123 
2771	15 
2772	21 
2773	92 
2774	128 
2775	181 
2776	61 
2777	22 
2778	149 
2779	122 
2780	50 
2781	84 
2782	114 
2783	187 
2784	51 
2785	182 
2786	167 
2787	168 
2788	137 
2789	45 
2790	183 
2791	74 
2792	127 
2793	121 
2794	89 
2795	148 
2796	104 
2797	32 
2798	113 
2799	151 
2800	164 
2801	110 
2802	74 
2803	44 
2804	69 
2805	97 
2806	68 
2807	121 
2808	195 
2809	124 
2810	134 
2811	89 
2812	177 
2813	18 
2814	130 
2815	62 
2816	22 
2817	183 
2818	195 
2819	139 
2820	46 
2821	63 
2822	175 
2823	53 
2824	27 
2825	149 
2826	156 
2827	128 
2828	86 
2829	191 
2830	4 
2831	159 
2832	54 
2833	128 
2834	165 
2835	190 
2836	107 
2837	103 
2838	181 
2839	195 
2840	177 
2841	164 
2842	4 
2843	177 
2844	134 
2845	166 
2846	139 
2847	108 
2848	197 
2849	78 
2850	79 
2851	154 
2852	188 
2853	148 
2854	194 
2855	69 
2856	63 
2857	99 
2858	134 
2859	133 
2860	83 
2861	46 
2862	151 
2863	177 
2864	124 
2865	188 
2866	43 
2867	67 
2868	180 
2869	36 
2870	70 
2871	143 
2872	125 
2873	182 
2874	141 
2875	183 
2876	125 
2877	10 
2878	194 
2879	49 
2880	132 
2881	34 
2882	70 
2883	154 
2884	178 
2885	163 
2886	150 
2887	35 
2888	136 
2889	59 
2890	154 
2891	116 
2892	155 
2893	116 
2894	192 
2895	141 
2896	192 
2897	10 
2898	29 
2899	188 
2900	13 
2901	11 
2902	181 
2903	79 
2904	58 
2905	195 
2906	19 
2907	188 
2908	22 
2909	45 
2910	116 
2911	190 
2912	175 
2913	102 
2914	159 
2915	29 
2916	163 
2917	114 
2918	159 
2919	177 
2920	66 
2921	66 
2922	101 
2923	125 
2924	2 
2925	26 
2926	63 
2927	124 
2928	88 
2929	19 
2930	83 
2931	194 
2932	166 
2933	25 
2934	148 
2935	137 
2936	54 
2937	59 
2938	177 
2939	53 
2940	67 
2941	11 
2942	1 
2943	52 
2944	163 
2945	39 
2946	199 
2947	152 
2948	58 
2949	167 
2950	183 
2951	105 
2952	79 
2953	23 
2954	72 
2955	60 
2956	125 
2957	27 
2958	172 
2959	151 
2960	61 
2961	167 
2962	145 
2963	140 
2964	163 
2965	192 
2966	52 
2967	195 
2968	72 
2969	139 
2970	181 
2971	149 
2972	79 
2973	149 
2974	178 
2975	172 
2976	22 
2977	174 
2978	199 
2979	92 
2980	114 
2981	108 
2982	49 
2983	55 
2984	25 
2985	59 
2986	65 
2987	200 
2988	70 
2989	157 
2990	66 
2991	199 
2992	39 
2993	76 
2994	102 
2995	97 
2996	184 
2997	40 
2998	172 
2999	80 
3000	177 
3001	64 
3002	151 
3003	196 
3004	195 
3005	148 
3006	115 
3007	42 
3008	188 
3009	104 
3010	198 
3011	41 
3012	9 
3013	101 
3014	200 
3015	190 
3016	185 
3017	1 
3018	2 
3019	58 
3020	156 
3021	170 
3022	34 
3023	30 
3024	88 
3025	32 
3026	47 
3027	198 
3028	92 
3029	123 
3030	148 
3031	123 
3032	113 
3033	26 
3034	161 
3035	129 
3036	27 
3037	167 
3038	116 
3039	114 
3040	169 
3041	114 
3042	123 
3043	163 
3044	131 
3045	45 
3046	194 
3047	26 
3048	133 
3049	50 
3050	180 
3051	116 
3052	79 
3053	70 
3054	11 
3055	89 
3056	4 
3057	15 
3058	27 
3059	39 
3060	9 
3061	166 
3062	159 
3063	171 
3064	121 
3065	28 
3066	22 
3067	189 
3068	160 
3069	156 
3070	168 
3071	8 
3072	17 
3073	35 
3074	148 
3075	112 
3076	26 
3077	49 
3078	145 
3079	54 
3080	150 
3081	192 
3082	146 
3083	160 
3084	192 
3085	192 
3086	70 
3087	48 
3088	170 
3089	97 
3090	15 
3091	27 
3092	68 
3093	195 
3094	154 
3095	2 
3096	5 
3097	127 
3098	119 
3099	154 
3100	93 
3101	33 
3102	6 
3103	74 
3104	132 
3105	59 
3106	99 
3107	151 
3108	105 
3109	76 
3110	52 
3111	82 
3112	107 
3113	8 
3114	86 
3115	101 
3116	45 
3117	20 
3118	34 
3119	35 
3120	130 
3121	197 
3122	6 
3123	200 
3124	116 
3125	144 
3126	181 
3127	190 
3128	182 
3129	152 
3130	104 
3131	97 
3132	194 
3133	28 
3134	15 
3135	182 
3136	166 
3137	196 
3138	144 
3139	153 
3140	177 
3141	155 
3142	199 
3143	19 
3144	23 
3145	53 
3146	91 
3147	55 
3148	201 
3149	141 
3150	154 
3151	125 
3152	198 
3153	101 
3154	31 
3155	173 
3156	160 
3157	140 
3158	105 
3159	19 
3160	133 
3161	188 
3162	154 
3163	196 
3164	97 
3165	163 
3166	105 
3167	111 
3168	79 
3169	13 
3170	8 
3171	101 
3172	106 
3173	191 
3174	81 
3175	62 
3176	129 
3177	97 
3178	67 
3179	166 
3180	113 
3181	195 
3182	163 
3183	21 
3184	170 
3185	161 
3186	48 
3187	26 
3188	154 
3189	182 
3190	89 
3191	160 
3192	172 
3193	154 
3194	98 
3195	62 
3196	10 
3197	91 
3198	109 
3199	127 
3200	151 
3201	66 
3202	155 
3203	13 
3204	114 
3205	78 
3206	146 
3207	89 
3208	61 
3209	79 
3210	125 
3211	112 
3212	167 
3213	78 
3214	56 
3215	65 
3216	68 
3217	190 
3218	141 
3219	170 
3220	184 
3221	106 
3222	9 
3223	4 
3224	56 
3225	140 
3226	190 
3227	159 
3228	49 
3229	35 
3230	28 
3231	51 
3232	171 
3233	26 
3234	158 
3235	173 
3236	159 
3237	117 
3238	145 
3239	133 
3240	171 
3241	123 
3242	88 
3243	88 
3244	141 
3245	93 
3246	177 
3247	52 
3248	4 
3249	35 
3250	155 
3251	190 
3252	81 
3253	194 
3254	103 
3255	48 
3256	111 
3257	95 
3258	1 
3259	186 
3260	198 
3261	27 
3262	53 
3263	23 
3264	163 
3265	10 
3266	166 
3267	159 
3268	77 
3269	46 
3270	76 
3271	153 
3272	4 
3273	125 
3274	86 
3275	101 
3276	79 
3277	127 
3278	164 
3279	81 
3280	26 
3281	38 
3282	96 
3283	21 
3284	177 
3285	47 
3286	69 
3287	184 
3288	185 
3289	84 
3290	149 
3291	45 
3292	43 
3293	89 
3294	104 
3295	29 
3296	49 
3297	91 
3298	64 
3299	97 
3300	124 
3301	68 
3302	45 
3303	188 
3304	61 
3305	36 
3306	108 
3307	58 
3308	108 
3309	127 
3310	27 
3311	52 
3312	20 
3313	94 
3314	65 
3315	37 
3316	131 
3317	27 
3318	2 
3319	195 
3320	32 
3321	26 
3322	2 
3323	82 
3324	150 
3325	20 
3326	35 
3327	83 
3328	101 
3329	149 
3330	81 
3331	54 
3332	19 
3333	159 
3334	195 
3335	164 
3336	115 
3337	37 
3338	66 
3339	76 
3340	74 
3341	21 
3342	66 
3343	103 
3344	155 
3345	181 
3346	74 
3347	142 
3348	26 
3349	129 
3350	109 
3351	32 
3352	73 
3353	54 
3354	53 
3355	187 
3356	182 
3357	128 
3358	112 
3359	61 
3360	7 
3361	178 
3362	72 
3363	67 
3364	58 
3365	69 
3366	10 
3367	119 
3368	78 
3369	61 
3370	165 
3371	50 
3372	49 
3373	190 
3374	24 
3375	26 
3376	146 
3377	137 
3378	53 
3379	170 
3380	34 
3381	133 
3382	160 
3383	168 
3384	138 
3385	134 
3386	118 
3387	177 
3388	110 
3389	45 
3390	200 
3391	119 
3392	44 
3393	13 
3394	154 
3395	91 
3396	77 
3397	7 
3398	17 
3399	172 
3400	40 
3401	188 
3402	58 
3403	38 
3404	119 
3405	168 
3406	69 
3407	123 
3408	12 
3409	168 
3410	181 
3411	11 
3412	177 
3413	101 
3414	190 
3415	134 
3416	56 
3417	73 
3418	195 
3419	138 
3420	44 
3421	71 
3422	181 
3423	73 
3424	53 
3425	13 
3426	68 
3427	84 
3428	94 
3429	128 
3430	137 
3431	122 
3432	2 
3433	108 
3434	108 
3435	167 
3436	1 
3437	44 
3438	134 
3439	80 
3440	32 
3441	36 
3442	4 
3443	26 
3444	95 
3445	17 
3446	8 
3447	49 
3448	183 
3449	115 
3450	108 
3451	184 
3452	5 
3453	86 
3454	105 
3455	104 
3456	148 
3457	69 
3458	55 
3459	115 
3460	47 
3461	166 
3462	78 
3463	2 
3464	44 
3465	11 
3466	34 
3467	96 
3468	130 
3469	173 
3470	148 
3471	2 
3472	57 
3473	84 
3474	85 
3475	76 
3476	177 
3477	48 
3478	43 
3479	180 
3480	175 
3481	64 
3482	44 
3483	36 
3484	26 
3485	180 
3486	26 
3487	137 
3488	177 
3489	72 
3490	25 
3491	174 
3492	125 
3493	68 
3494	154 
3495	111 
3496	149 
3497	188 
3498	152 
3499	12 
3500	169 
3501	184 
3502	47 
3503	111 
3504	55 
3505	112 
3506	29 
3507	164 
3508	159 
3509	171 
3510	76 
3511	98 
3512	179 
3513	96 
3514	168 
3515	89 
3516	199 
3517	112 
3518	169 
3519	151 
3520	198 
3521	105 
3522	119 
3523	8 
3524	48 
3525	115 
3526	123 
3527	186 
3528	59 
3529	179 
3530	22 
3531	163 
3532	140 
3533	56 
3534	182 
3535	32 
3536	166 
3537	3 
3538	93 
3539	106 
3540	103 
3541	8 
3542	40 
3543	188 
3544	143 
3545	65 
3546	188 
3547	101 
3548	184 
3549	104 
3550	2 
3551	126 
3552	173 
3553	93 
3554	131 
3555	180 
3556	154 
3557	79 
3558	154 
3559	79 
3560	2 
3561	81 
3562	26 
3563	21 
3564	39 
3565	159 
3566	31 
3567	155 
3568	61 
3569	178 
3570	168 
3571	158 
3572	155 
3573	100 
3574	41 
3575	78 
3576	3 
3577	18 
3578	122 
3579	61 
3580	195 
3581	23 
3582	177 
3583	174 
3584	153 
3585	81 
3586	177 
3587	13 
3588	2 
3589	137 
3590	72 
3591	163 
3592	129 
3593	95 
3594	78 
3595	171 
3596	130 
3597	102 
3598	80 
3599	29 
3600	32 
3601	31 
3602	165 
3603	177 
3604	134 
3605	53 
3606	100 
3607	1 
3608	167 
3609	15 
3610	107 
3611	8 
3612	80 
3613	79 
3614	34 
3615	137 
3616	84 
3617	109 
3618	152 
3619	164 
3620	96 
3621	54 
3622	82 
3623	29 
3624	142 
3625	159 
3626	166 
3627	179 
3628	196 
3629	5 
3630	81 
3631	113 
3632	83 
3633	50 
3634	136 
3635	156 
3636	27 
3637	182 
3638	130 
3639	195 
3640	113 
3641	59 
3642	18 
3643	68 
3644	60 
3645	2 
3646	147 
3647	52 
3648	1 
3649	94 
3650	29 
3651	5 
3652	78 
3653	162 
3654	114 
3655	182 
3656	156 
3657	135 
3658	66 
3659	30 
3660	26 
3661	190 
3662	170 
3663	72 
3664	158 
3665	127 
3666	73 
3667	143 
3668	99 
3669	43 
3670	128 
3671	46 
3672	124 
3673	17 
3674	78 
3675	57 
3676	131 
3677	171 
3678	53 
3679	21 
3680	175 
3681	92 
3682	122 
3683	179 
3684	36 
3685	173 
3686	21 
3687	162 
3688	152 
3689	199 
3690	1 
3691	26 
3692	87 
3693	137 
3694	180 
3695	55 
3696	101 
3697	28 
3698	116 
3699	28 
3700	135 
3701	200 
3702	47 
3703	28 
3704	101 
3705	6 
3706	150 
3707	150 
3708	149 
3709	186 
3710	57 
3711	34 
3712	171 
3713	180 
3714	185 
3715	109 
3716	151 
3717	86 
3718	82 
3719	184 
3720	94 
3721	162 
3722	71 
3723	84 
3724	133 
3725	114 
3726	24 
3727	54 
3728	30 
3729	183 
3730	85 
3731	155 
3732	193 
3733	124 
3734	161 
3735	14 
3736	131 
3737	72 
3738	184 
3739	4 
3740	48 
3741	88 
3742	165 
3743	185 
3744	57 
3745	91 
3746	55 
3747	10 
3748	65 
3749	182 
3750	94 
3751	58 
3752	112 
3753	194 
3754	118 
3755	143 
3756	125 
3757	133 
3758	143 
3759	200 
3760	88 
3761	15 
3762	149 
3763	38 
3764	69 
3765	180 
3766	35 
3767	65 
3768	190 
3769	45 
3770	152 
3771	174 
3772	187 
3773	14 
3774	16 
3775	174 
3776	132 
3777	192 
3778	29 
3779	193 
3780	79 
3781	31 
3782	32 
3783	143 
3784	27 
3785	97 
3786	100 
3787	80 
3788	197 
3789	50 
3790	31 
3791	87 
3792	134 
3793	13 
3794	76 
3795	55 
3796	81 
3797	46 
3798	188 
3799	38 
3800	119 
3801	83 
3802	38 
3803	78 
3804	198 
3805	3 
3806	6 
3807	183 
3808	57 
3809	79 
3810	158 
3811	174 
3812	163 
3813	135 
3814	182 
3815	73 
3816	151 
3817	50 
3818	21 
3819	2 
3820	159 
3821	146 
3822	173 
3823	28 
3824	150 
3825	79 
3826	157 
3827	59 
3828	143 
3829	105 
3830	167 
3831	25 
3832	64 
3833	26 
3834	174 
3835	152 
3836	37 
3837	170 
3838	77 
3839	137 
3840	45 
3841	8 
3842	16 
3843	83 
3844	201 
3845	15 
3846	103 
3847	44 
3848	81 
3849	189 
3850	168 
3851	45 
3852	72 
3853	159 
3854	27 
3855	2 
3856	138 
3857	8 
3858	89 
3859	126 
3860	196 
3861	12 
3862	14 
3863	23 
3864	198 
3865	78 
3866	41 
3867	7 
3868	71 
3869	141 
3870	172 
3871	192 
3872	76 
3873	24 
3874	27 
3875	128 
3876	78 
3877	84 
3878	97 
3879	194 
3880	166 
3881	94 
3882	134 
3883	192 
3884	103 
3885	152 
3886	171 
3887	102 
3888	55 
3889	8 
3890	26 
3891	120 
3892	190 
3893	157 
3894	196 
3895	135 
3896	88 
3897	137 
3898	105 
3899	73 
3900	198 
3901	22 
3902	127 
3903	148 
3904	58 
3905	149 
3906	71 
3907	188 
3908	87 
3909	41 
3910	78 
3911	38 
3912	180 
3913	104 
3914	199 
3915	117 
3916	155 
3917	119 
3918	75 
3919	194 
3920	184 
3921	27 
3922	72 
3923	161 
3924	112 
3925	194 
3926	12 
3927	24 
3928	44 
3929	169 
3930	17 
3931	62 
3932	145 
3933	77 
3934	4 
3935	112 
3936	120 
3937	94 
3938	104 
3939	36 
3940	159 
3941	24 
3942	171 
3943	21 
3944	195 
3945	143 
3946	126 
3947	109 
3948	192 
3949	16 
3950	92 
3951	78 
3952	11 
3953	80 
3954	34 
3955	73 
3956	64 
3957	155 
3958	34 
3959	13 
3960	133 
3961	7 
3962	134 
3963	80 
3964	41 
3965	51 
3966	8 
3967	60 
3968	12 
3969	198 
3970	12 
3971	139 
3972	158 
3973	45 
3974	19 
3975	123 
3976	70 
3977	46 
3978	58 
3979	22 
3980	26 
3981	192 
3982	173 
3983	9 
3984	174 
3985	100 
3986	181 
3987	135 
3988	156 
3989	108 
3990	64 
3991	44 
3992	184 
3993	85 
3994	78 
3995	142 
3996	20 
3997	58 
3998	160 
3999	37 
4000	133 
4001	58 
4002	120 
4003	71 
4004	32 
4005	149 
4006	94 
4007	118 
4008	78 
4009	166 
4010	181 
4011	117 
4012	18 
4013	114 
4014	29 
4015	101 
4016	8 
4017	140 
4018	103 
4019	200 
4020	172 
4021	111 
4022	4 
4023	69 
4024	88 
4025	150 
4026	27 
4027	43 
4028	126 
4029	34 
4030	101 
4031	185 
4032	128 
4033	160 
4034	166 
4035	52 
4036	78 
4037	114 
4038	106 
4039	34 
4040	170 
4041	192 
4042	48 
4043	174 
4044	179 
4045	122 
4046	5 
4047	195 
4048	27 
4049	72 
4050	196 
4051	133 
4052	7 
4053	112 
4054	15 
4055	134 
4056	81 
4057	125 
4058	94 
4059	148 
4060	199 
4061	84 
4062	94 
4063	133 
4064	64 
4065	49 
4066	73 
4067	130 
4068	138 
4069	179 
4070	133 
4071	11 
4072	195 
4073	168 
4074	190 
4075	158 
4076	127 
4077	90 
4078	183 
4079	52 
4080	72 
4081	170 
4082	118 
4083	31 
4084	57 
4085	173 
4086	149 
4087	91 
4088	183 
4089	147 
4090	148 
4091	152 
4092	32 
4093	110 
4094	199 
4095	198 
4096	153 
4097	9 
4098	67 
4099	151 
4100	181 
4101	134 
4102	116 
4103	2 
4104	150 
4105	53 
4106	8 
4107	190 
4108	154 
4109	10 
4110	72 
4111	128 
4112	128 
4113	81 
4114	69 
4115	124 
4116	11 
4117	81 
4118	16 
4119	59 
4120	8 
4121	117 
4122	11 
4123	115 
4124	104 
4125	19 
4126	38 
4127	82 
4128	51 
4129	179 
4130	54 
4131	109 
4132	138 
4133	156 
4134	112 
4135	116 
4136	170 
4137	7 
4138	187 
4139	108 
4140	52 
4141	182 
4142	79 
4143	177 
4144	147 
4145	196 
4146	54 
4147	185 
4148	24 
4149	79 
4150	196 
4151	102 
4152	4 
4153	44 
4154	127 
4155	50 
4156	30 
4157	133 
4158	42 
4159	148 
4160	55 
4161	15 
4162	191 
4163	107 
4164	81 
4165	111 
4166	155 
4167	194 
4168	22 
4169	188 
4170	180 
4171	171 
4172	104 
4173	113 
4174	187 
4175	195 
4176	18 
4177	188 
4178	183 
4179	130 
4180	151 
4181	95 
4182	174 
4183	9 
4184	104 
4185	7 
4186	18 
4187	21 
4188	149 
4189	160 
4190	166 
4191	200 
4192	99 
4193	183 
4194	114 
4195	128 
4196	34 
4197	162 
4198	162 
4199	76 
4200	160 
4201	99 
4202	16 
4203	81 
4204	67 
4205	188 
4206	80 
4207	168 
4208	55 
4209	134 
4210	104 
4211	14 
4212	165 
4213	4 
4214	90 
4215	89 
4216	194 
4217	8 
4218	187 
4219	21 
4220	4 
4221	108 
4222	22 
4223	116 
4224	99 
4225	60 
4226	45 
4227	70 
4228	39 
4229	88 
4230	134 
4231	91 
4232	97 
4233	123 
4234	88 
4235	113 
4236	35 
4237	154 
4238	180 
4239	128 
4240	132 
4241	94 
4242	117 
4243	68 
4244	29 
4245	149 
4246	97 
4247	173 
4248	178 
4249	173 
4250	11 
4251	151 
4252	184 
4253	27 
4254	44 
4255	35 
4256	21 
4257	31 
4258	159 
4259	32 
4260	160 
4261	141 
4262	196 
4263	80 
4264	24 
4265	118 
4266	197 
4267	191 
4268	173 
4269	155 
4270	114 
4271	170 
4272	124 
4273	148 
4274	166 
4275	59 
4276	31 
4277	196 
4278	38 
4279	98 
4280	66 
4281	2 
4282	194 
4283	171 
4284	119 
4285	55 
4286	27 
4287	188 
4288	44 
4289	154 
4290	166 
4291	58 
4292	137 
4293	91 
4294	20 
4295	190 
4296	6 
4297	73 
4298	98 
4299	49 
4300	145 
4301	20 
4302	143 
4303	101 
4304	26 
4305	70 
4306	2 
4307	145 
4308	10 
4309	171 
4310	97 
4311	66 
4312	35 
4313	181 
4314	194 
4315	128 
4316	163 
4317	4 
4318	158 
4319	114 
4320	44 
4321	39 
4322	70 
4323	29 
4324	43 
4325	122 
4326	100 
4327	57 
4328	200 
4329	83 
4330	25 
4331	177 
4332	125 
4333	45 
4334	172 
4335	11 
4336	4 
4337	155 
4338	44 
4339	143 
4340	99 
4341	184 
4342	13 
4343	68 
4344	135 
4345	138 
4346	64 
4347	90 
4348	141 
4349	76 
4350	182 
4351	15 
4352	63 
4353	58 
4354	197 
4355	111 
4356	150 
4357	134 
4358	37 
4359	194 
4360	194 
4361	165 
4362	41 
4363	131 
4364	104 
4365	143 
4366	149 
4367	2 
4368	148 
4369	78 
4370	9 
4371	191 
4372	64 
4373	197 
4374	67 
4375	186 
4376	163 
4377	180 
4378	60 
4379	41 
4380	11 
4381	106 
4382	77 
4383	78 
4384	101 
4385	166 
4386	177 
4387	114 
4388	179 
4389	181 
4390	73 
4391	163 
4392	47 
4393	188 
4394	81 
4395	149 
4396	4 
4397	113 
4398	42 
4399	171 
4400	170 
4401	21 
4402	65 
4403	171 
4404	50 
4405	8 
4406	171 
4407	78 
4408	186 
4409	163 
4410	137 
4411	131 
4412	94 
4413	187 
4414	108 
4415	143 
4416	89 
4417	181 
4418	26 
4419	176 
4420	29 
4421	7 
4422	151 
4423	45 
4424	79 
4425	108 
4426	154 
4427	149 
4428	52 
4429	63 
4430	125 
4431	168 
4432	26 
4433	6 
4434	133 
4435	57 
4436	180 
4437	148 
4438	180 
4439	166 
4440	181 
4441	37 
4442	181 
4443	151 
4444	116 
4445	53 
4446	182 
4447	103 
4448	49 
4449	121 
4450	200 
4451	148 
4452	44 
4453	133 
4454	169 
4455	13 
4456	184 
4457	124 
4458	78 
4459	146 
4460	127 
4461	45 
4462	114 
4463	167 
4464	172 
4465	168 
4466	114 
4467	84 
4468	107 
4469	162 
4470	184 
4471	180 
4472	160 
4473	149 
4474	9 
4475	109 
4476	60 
4477	45 
4478	73 
4479	8 
4480	177 
4481	195 
4482	63 
4483	29 
4484	181 
4485	83 
4486	44 
4487	61 
4488	197 
4489	15 
4490	29 
4491	91 
4492	174 
4493	1 
4494	145 
4495	123 
4496	114 
4497	35 
4498	100 
4499	145 
4500	150 
4501	123 
4502	145 
4503	15 
4504	108 
4505	57 
4506	12 
4507	127 
4508	17 
4509	94 
4510	63 
4511	182 
4512	26 
4513	182 
4514	52 
4515	32 
4516	188 
4517	128 
4518	11 
4519	97 
4520	52 
4521	48 
4522	2 
4523	26 
4524	89 
4525	107 
4526	104 
4527	87 
4528	73 
4529	88 
4530	29 
4531	134 
4532	42 
4533	127 
4534	114 
4535	99 
4536	94 
4537	28 
4538	146 
4539	116 
4540	38 
4541	199 
4542	139 
4543	65 
4544	32 
4545	102 
4546	43 
4547	58 
4548	72 
4549	159 
4550	59 
4551	172 
4552	198 
4553	32 
4554	45 
4555	35 
4556	179 
4557	68 
4558	128 
4559	172 
4560	102 
4561	134 
4562	194 
4563	143 
4564	70 
4565	41 
4566	142 
4567	31 
4568	35 
4569	44 
4570	153 
4571	58 
4572	102 
4573	194 
4574	168 
4575	169 
4576	79 
4577	134 
4578	90 
4579	198 
4580	81 
4581	198 
4582	177 
4583	65 
4584	143 
4585	173 
4586	65 
4587	61 
4588	148 
4589	88 
4590	13 
4591	135 
4592	194 
4593	42 
4594	104 
4595	72 
4596	139 
4597	80 
4598	25 
4599	38 
4600	49 
4601	38 
4602	159 
4603	61 
4604	181 
4605	74 
4606	117 
4607	196 
4608	143 
4609	155 
4610	22 
4611	51 
4612	121 
4613	185 
4614	148 
4615	177 
4616	51 
4617	11 
4618	26 
4619	63 
4620	123 
4621	79 
4622	198 
4623	88 
4624	26 
4625	101 
4626	51 
4627	160 
4628	168 
4629	28 
4630	29 
4631	7 
4632	174 
4633	194 
4634	105 
4635	58 
4636	165 
4637	167 
4638	134 
4639	61 
4640	19 
4641	92 
4642	31 
4643	159 
4644	42 
4645	134 
4646	169 
4647	38 
4648	176 
4649	182 
4650	11 
4651	153 
4652	186 
4653	29 
4654	74 
4655	49 
4656	180 
4657	19 
4658	52 
4659	44 
4660	170 
4661	101 
4662	54 
4663	114 
4664	190 
4665	25 
4666	159 
4667	65 
4668	149 
4669	54 
4670	83 
4671	141 
4672	15 
4673	53 
4674	180 
4675	151 
4676	192 
4677	116 
4678	25 
4679	91 
4680	123 
4681	19 
4682	91 
4683	6 
4684	139 
4685	125 
4686	152 
4687	91 
4688	127 
4689	189 
4690	148 
4691	177 
4692	51 
4693	38 
4694	7 
4695	155 
4696	84 
4697	76 
4698	83 
4699	55 
4700	166 
4701	109 
4702	64 
4703	87 
4704	15 
4705	9 
4706	34 
4707	137 
4708	184 
4709	111 
4710	54 
4711	183 
4712	154 
4713	54 
4714	48 
4715	153 
4716	180 
4717	61 
4718	52 
4719	50 
4720	83 
4721	80 
4722	102 
4723	45 
4724	107 
4725	32 
4726	49 
4727	48 
4728	189 
4729	154 
4730	61 
4731	84 
4732	38 
4733	52 
4734	125 
4735	145 
4736	69 
4737	15 
4738	166 
4739	107 
4740	24 
4741	159 
4742	87 
4743	108 
4744	127 
4745	173 
4746	141 
4747	190 
4748	24 
4749	166 
4750	89 
4751	155 
4752	162 
4753	9 
4754	183 
4755	174 
4756	25 
4757	106 
4758	58 
4759	102 
4760	11 
4761	66 
4762	8 
4763	97 
4764	73 
4765	65 
4766	163 
4767	102 
4768	181 
4769	9 
4770	111 
4771	106 
4772	177 
4773	183 
4774	25 
4775	151 
4776	174 
4777	148 
4778	13 
4779	108 
4780	172 
4781	84 
4782	58 
4783	107 
4784	170 
4785	153 
4786	105 
4787	74 
4788	149 
4789	10 
4790	167 
4791	4 
4792	143 
4793	199 
4794	92 
4795	134 
4796	194 
4797	191 
4798	45 
4799	99 
4800	59 
4801	160 
4802	179 
4803	55 
4804	128 
4805	184 
4806	4 
4807	2 
4808	94 
4809	111 
4810	64 
4811	43 
4812	65 
4813	63 
4814	8 
4815	199 
4816	65 
4817	104 
4818	73 
4819	72 
4820	184 
4821	183 
4822	92 
4823	80 
4824	45 
4825	163 
4826	35 
4827	168 
4828	97 
4829	64 
4830	83 
4831	94 
4832	173 
4833	149 
4834	159 
4835	30 
4836	151 
4837	128 
4838	163 
4839	57 
4840	199 
4841	189 
4842	28 
4843	128 
4844	88 
4845	128 
4846	152 
4847	117 
4848	68 
4849	53 
4850	173 
4851	30 
4852	199 
4853	25 
4854	180 
4855	155 
4856	35 
4857	66 
4858	198 
4859	181 
4860	185 
4861	139 
4862	41 
4863	104 
4864	50 
4865	191 
4866	11 
4867	165 
4868	162 
4869	190 
4870	143 
4871	151 
4872	127 
4873	34 
4874	30 
4875	163 
4876	104 
4877	170 
4878	76 
4879	194 
4880	182 
4881	167 
4882	104 
4883	117 
4884	38 
4885	67 
4886	30 
4887	76 
4888	50 
4889	134 
4890	67 
4891	194 
4892	128 
4893	52 
4894	101 
4895	124 
4896	44 
4897	189 
4898	101 
4899	105 
4900	15 
4901	145 
4902	188 
4903	41 
4904	143 
4905	128 
4906	65 
4907	44 
4908	66 
4909	55 
4910	7 
4911	83 
4912	128 
4913	181 
4914	64 
4915	101 
4916	67 
4917	31 
4918	108 
4919	29 
4920	55 
4921	122 
4922	150 
4923	114 
4924	125 
4925	94 
4926	137 
4927	133 
4928	174 
4929	53 
4930	170 
4931	79 
4932	194 
4933	63 
4934	150 
4935	108 
4936	66 
4937	48 
4938	104 
4939	155 
4940	41 
4941	163 
4942	179 
4943	179 
4944	179 
4945	26 
4946	172 
4947	127 
4948	104 
4949	38 
4950	11 
4951	186 
4952	54 
4953	170 
4954	73 
4955	159 
4956	79 
4957	99 
4958	32 
4959	194 
4960	173 
4961	127 
4962	1 
4963	48 
4964	1 
4965	184 
4966	151 
4967	104 
4968	180 
4969	188 
4970	174 
4971	163 
4972	167 
4973	137 
4974	181 
4975	114 
4976	15 
4977	141 
4978	194 
4979	2 
4980	153 
4981	41 
4982	131 
4983	102 
4984	87 
4985	45 
4986	1 
4987	173 
4988	186 
4989	51 
4990	122 
4991	59 
4992	92 
4993	111 
4994	41 
4995	27 
4996	170 
4997	76 
4998	57 
4999	123 
5000	44 
