1	60	114	77
2	113	97	49
3	57	107
4	38	96
5	86	7
6	57	58
7	98	64	87	113
8	59	7
9	115	17	68	42	105
10	60	59
11	61	72
12	81	111
13	1	66
14	81	94
15	58	49	45	76	113	67	93	92	87
16	5	6
17	13	37	44
18	25	88
19	20	37
20	75	3	73	4
21	30	20	102	80	56	95	31	36
22	3	15	16
23	39	17
24	12	105
25	11	12	4	6	91
26	8	74	78
27	18	13
28	56	7
29	2	28
30	68	69
31	37	21
32	102	52
33	8	41	52
34	39	27	15	55	32	44	13	35	19	62	72	100	86
35	47	48
36	8	78	83
37	25	85
38	47	22	112
39	59	4
40	44	80
41	81	86
42	21	22
43	111	14
44	108	89
45	83	31	30	95
46	46	63	106
47	102	2
48	83	101	40
49	99	78
50	46	14
51	64	65
52	11	75	53	41	99	108	73	4	6	82	103	85
53	60	67
54	62	93
55	69	51	29	79	52
56	33	22
57	19	37
58	99	49
59	55	40
60	27	28
61	98	64
62	83	81
63	2	58
64	38	37
65	39	40
66	49	54	87	50
67	1	10	5	17	24	42	94	105
68	77	76	21	66	67
69	80	81	95	30
70	54	26
71	103	101
72	90	100
73	26	107
74	18	17
75	27	4
76	13	14
77	89	84	70
78	19	62	72	55	32	100	35
79	30	43
80	62	63
81	73	72
82	114	29
83	25	26
84	115	16
85	73	105
86	39	29
87	1	2	34
88	88	87
89	22	23	52	109	112	9	8	69	79	78
90	43	58
91	90	89
92	76	108
93	26	38	46	34	2	110	90	106	104
94	60	37
95	92	30
96	103	104
97	54	53
98	100	101
99	46	45
100	24	91	1
101	1	36
102	20	31	45	93	36
103	92	94
104	55	32	80	56
105	5	29	70
106	98	12
107	19	43	35
108	95	36	35
109	104	71
110	25	67
111	48	23
112	82	17
113	33	50
114	99	98	6
115	54	50	115	89	111	84	47	68	74
116	92	81	87
117	64	110
118	9	91
119	60	98	64
120	42	41
121	62	48
122	88	105
123	115	89	59
124	24	10	109	5	112	9	23	42	79
125	13	27	15	44	86	39
126	18	59
127	90	56
128	31	51
129	98	59	64
130	19	20
131	83	94
132	33	32
133	44	71
134	75	74
135	93	107	16
136	64	43
137	20	34
138	102	59
139	44	27	43
140	113	53
141	14	48	16	33	40	61	3	65	7	101	107
142	60	61
143	31	80	110
144	65	112
145	70	71	96
146	28	64	66
147	82	50	84	85
148	8	7
149	69	16
150	37	59
151	66	18	57	28	21	77	114	88	63	71	97	96
152	11	61
153	82	83	75
154	25	111
155	25	12	70	91	51	29
156	10	65
157	106	38	81
158	92	70
