1.0 0.0
0.769230769231 0.0
0.714285714286 0.00489396411093
0.692307692308 0.00815660685155
0.666666666667 0.0244698205546
0.642857142857 0.0489396411093
0.6 0.10766721044
0.571428571429 0.216486703436
0.5625 0.243675392941
0.538461538462 0.277505890883
0.533333333333 0.277505890883
0.529411764706 0.342867500453
0.5 0.342867500453
0.470588235294 0.415464832431
0.466666666667 0.454748369267
0.444444444444 0.497505231763
0.4375 0.497505231763
0.428571428571 0.531210379253
0.411764705882 0.539366986104
0.4 0.541858458743
0.388888888889 0.550015065594
0.375 0.550015065594
0.368421052632 0.550015065594
0.357142857143 0.550015065594
0.352941176471 0.550015065594
0.333333333333 0.537557702403
0.315789473684 0.450551514293
0.294117647059 0.450551514293
0.285714285714 0.406081556653
0.277777777778 0.413694389714
0.266666666667 0.413390135331
0.263157894737 0.412732283124
0.25 0.367476062093
0.238095238095 0.365109749775
0.235294117647 0.306472984591
0.222222222222 0.300758416396
0.210526315789 0.291100037404
0.2 0.257759107601
0.190476190476 0.207682333306
0.181818181818 0.160447656937
0.176470588235 0.160447656937
0.166666666667 0.156408194496
0.157894736842 0.154525110774
0.15 0.155349357361
0.142857142857 0.0904674800984
0.136363636364 0.0818551051373
0.133333333333 0.0821645760239
0.130434782609 0.0821645760239
0.125 0.0821645760239
0.117647058824 0.0821645760239
0.111111111111 0.082685068979
0.105263157895 0.0668737920535
0.1 0.0684542058636
0.0952380952381 0.0692512510976
0.0909090909091 0.0735791535314
0.0869565217391 0.0766298080734
0.0833333333333 0.0769101795619
0.0625 0.0769101795619
0.0555555555556 0.0769101795619
0.0526315789474 0.0769101795619
0.05 0.0769101795619
0.047619047619 0.0771910575932
0.0454545454545 0.0774724421674
0.0434782608696 0.0774724421674
0.0416666666667 0.0774724421674
0.04 0.0774724421674
0.0 0.0774724421674
