1	114,60	60,77
2	49,97	113,97
3	107,57
4	38,96
5	7,86
6	57,58
7	87,98	113,98
8	59,7
9	105,68	105,115	17,68	42,68
10	59,60
11	61,72
12	111,81
13	1,66
14	81,94
15	92,93	113,67	113,76	45,87	45,92	58,92	58,87	49,92	45,67	58,93	67,92	49,87	113,93	45,76	49,93	76,87	67,87	113,58	113,45	49,58	67,93	49,76	49,67	87,92	45,49	45,58	113,92	58,76	67,76	76,93	87,93
16	5,6
17	37,44	13,37
18	25,88
19	20,37
20	3,4	3,73	3,75
21	31,56	30,56	56,95	20,80	102,31	30,31	20,95	30,95	30,80	102,20	20,36	56,80	20,56	102,30	30,36	20,31	102,95	31,36	80,95	102,80	102,56	20,30	36,80	36,95	102,36	31,80	36,56	31,95
22	15,3	15,16
23	17,39
24	105,12
25	12,6	11,12	6,91	12,4
26	74,78	74,8
27	13,18
28	56,7
29	2,28
30	68,69
31	21,37
32	102,52
33	41,52	41,8
34	19,39	15,55	39,55	39,72	100,86	32,86	44,62	32,44	27,62	100,15	13,19	15,72	13,35	27,35
35	47,48
36	8,83	78,83
37	25,85
38	59,98
39	22,47	112,47
40	4,59
41	44,80
42	81,86
43	21,22
44	111,14
45	108,89
46	30,83	83,95	31,83
47	46,63	106,63
48	60,98
49	102,2
50	40,83	101,83
51	78,99
52	14,46
53	64,65
54	4,53	103,99	53,85	53,99	108,82	11,82	4,73	103,11	41,75	41,82	4,82	6,99	6,85	82,85	73,82	108,41	82,99	85,99	108,99	11,99	103,53	11,6	103,41	73,75	4,75	108,73	108,6	53,75	103,108	4,6	75,85	4,85	11,85	103,4	41,53	41,99	6,75	108,11	4,41	103,75	41,73	53,6	11,73	11,75	103,73	108,85	53,73	6,82
55	60,67
56	62,93
57	29,79	51,52	51,69	51,79
58	22,33
59	19,37
60	49,99
61	40,55
62	27,28
63	64,98
64	81,83
65	2,58
66	37,38
67	39,40
68	54,87	49,50	49,54
69	1,17	1,94	24,42	1,24	105,5	24,94	10,5	1,42	1,10	42,5	17,94	1,5	42,94	10,94	105,94	1,105	24,5	17,24	105,42	10,17	17,42	10,24	105,24	105,17	10,42	5,94	17,5	10,105
70	21,76	66,67	67,77	76,77
71	81,95	80,81	30,81
72	26,54
73	101,103
74	100,90
75	107,26
76	17,18
77	27,4
78	13,14
79	70,89	70,84
80	19,35	100,72	100,35	32,35	100,19	19,72	32,55	35,62	55,72	100,32	19,32	100,55	19,62	19,55	55,62	35,72	32,72	32,62	62,72	35,55	100,62
81	30,43
82	62,63
83	72,73
84	114,29
85	25,26
86	115,16
87	105,73
88	29,39
89	1,2	1,34
90	87,88
91	109,23	52,78	109,8	112,52	78,79	23,52	109,22	52,69	8,9	69,8	23,69	109,52	23,78	109,112	22,52	69,9	112,69	112,78	52,79	22,78	23,8	22,69	22,9	78,8	22,23	112,22	79,9	112,8	109,78	112,79	52,9	23,9	23,79	22,8	109,69	78,9	79,8	112,9	69,79	109,79
92	43,58
93	89,90
94	108,76
95	2,46	34,38	104,26	106,26	2,90	34,46	46,90	110,90	38,90	104,110	110,26	104,46	106,38	106,46	106,110	104,106	106,2	110,34	104,34	26,46	110,46	110,38	2,34	2,26	26,38	26,90	104,2	104,90	110,2	34,90	104,38	106,34	38,46	2,38	26,34	106,90
96	37,60
97	30,92
98	103,104
99	53,54
100	100,101
101	45,46
102	24,91	1,91
103	1,36
104	36,93	31,45	20,45	36,45
105	92,94
106	32,80	55,56	32,56
107	5,70	29,5
108	12,98
109	19,43	35,43
110	35,95	35,36
111	104,71
112	25,67
113	23,48
114	113,64
115	17,82
116	33,50
117	98,99	6,98
118	68,84	68,74	111,84	111,54	111,74	115,74	115,68	115,50	54,68	111,50	47,50	54,74	50,68	115,54	47,54	47,74	50,89	84,89	74,84	68,89	74,89	115,84	54,84	111,47	111,89	50,54	115,89	54,89	47,89	111,68	115,47	47,68	50,74	50,84	47,84	111,115
119	81,92	81,87
120	110,64
121	9,91
122	60,64
123	41,42
124	48,62
125	105,88
126	59,89	115,59
127	10,9	23,24	42,9	10,109	112,24	10,23	24,79	109,5
128	13,15	15,44	27,39	15,86	39,86	27,44	27,86	13,44	13,27	15,27	13,39	15,39	39,44	44,86	13,86
129	18,59
130	56,90
131	31,51
132	59,64
133	19,20
134	83,94
135	32,33
136	44,71
137	74,75
138	107,93	16,93
139	43,64
140	20,34
141	102,59
142	43,44	27,43
143	113,53
144	107,61	107,33	65,7	33,65	101,3	107,65	40,48	3,48	48,65	101,14	107,40	40,61	107,16	14,61	16,48	14,16	14,3	101,48	61,7	14,65	48,61	16,33	16,40	3,7	107,3	101,40	101,65	48,7	16,3	107,7	101,16	16,61	101,33	107,14	14,33	40,7	33,40	3,61	14,40	61,65	33,7	33,48	3,65	101,7
145	60,61
146	110,31	110,80
147	112,65
148	70,71	70,96
149	28,64	64,66
150	82,84	50,85	84,85
151	7,8
152	16,69
153	37,59
154	21,97	114,18	57,77	28,63	114,96	18,97	21,71	57,66	71,96	63,96	63,88	57,71	66,71	63,77	114,97	71,77	21,63	57,88	18,21	28,71	18,28	66,97	114,88	57,97	21,77	114,21	77,97	114,71	18,96	21,88	18,88	114,66	28,97	63,71	21,66	114,77	88,97	57,96	77,96	57,63	18,66	18,63	28,96	66,88	28,77	88,96	28,57	28,66
155	11,61
156	82,83	75,83
157	111,25
158	12,91	25,91	29,70	12,51	25,51	29,91	25,70	12,70	12,25	29,51	51,91	12,29	25,29	51,70	70,91
159	10,65
160	38,81	106,81
161	70,92
