1	60	114	77
2	113	97	49
3	57	107
4	38	96
5	86	7
6	57	58
7	98	87	113
8	59	7
9	115	17	68	42	105
10	60	59
11	61	72
12	81	111
13	1	66
14	81	94
15	58	49	45	76	113	67	93	92	87
16	5	6
17	44	37	13
18	25	88
19	20	37
20	75	3	73	4
21	30	20	102	80	56	95	31	36
22	3	15	16
23	39	17
24	12	105
25	11	12	4	6	91
26	8	74	78
27	18	13
28	56	7
29	2	28
30	68	69
31	37	21
32	102	52
33	8	41	52
34	13	27	15	55	32	44	39	35	19	62	72	100	86
35	47	48
36	8	78	83
37	25	85
38	98	59
39	47	22	112
40	59	4
41	44	80
42	81	86
43	21	22
44	111	14
45	108	89
46	83	31	30	95
47	46	63	106
48	60	98
49	102	2
50	83	101	40
51	99	78
52	46	14
53	64	65
54	11	75	53	41	99	108	73	4	6	82	103	85
55	60	67
56	62	93
57	69	51	29	79	52
58	33	22
59	19	37
60	99	49
61	55	40
62	27	28
63	98	64
64	83	81
65	2	58
66	38	37
67	39	40
68	49	54	87	50
69	1	10	5	17	24	42	94	105
70	77	76	21	66	67
71	80	81	95	30
72	54	26
73	103	101
74	90	100
75	26	107
76	18	17
77	27	4
78	13	14
79	89	84	70
80	19	62	72	55	32	100	35
81	30	43
82	62	63
83	73	72
84	114	29
85	25	26
86	115	16
87	73	105
88	39	29
89	1	2	34
90	88	87
91	22	23	52	109	112	9	8	69	79	78
92	43	58
93	90	89
94	76	108
95	26	38	46	34	2	110	90	106	104
96	60	37
97	92	30
98	103	104
99	54	53
100	100	101
101	46	45
102	24	91	1
103	1	36
104	20	31	45	93	36
105	92	94
106	55	32	80	56
107	5	29	70
108	98	12
109	19	43	35
110	95	36	35
111	104	71
112	25	67
113	48	23
114	64	113
115	82	17
116	33	50
117	99	98	6
118	54	50	115	89	111	84	47	68	74
119	92	81	87
120	64	110
121	9	91
122	60	64
123	42	41
124	62	48
125	88	105
126	115	89	59
127	24	10	109	5	112	9	23	42	79
128	13	27	15	44	86	39
129	18	59
130	90	56
131	31	51
132	59	64
133	19	20
134	83	94
135	33	32
136	44	71
137	75	74
138	93	107	16
139	64	43
140	20	34
141	102	59
142	44	27	43
143	113	53
144	14	48	16	33	40	61	3	65	7	101	107
145	60	61
146	31	80	110
147	65	112
148	96	71	70
149	28	64	66
150	82	50	84	85
151	8	7
152	69	16
153	37	59
154	66	18	57	28	21	77	114	88	63	71	97	96
155	11	61
156	82	83	75
157	25	111
158	25	12	70	91	51	29
159	10	65
160	106	38	81
161	92	70
